Dataset,Time elapsed,RC1,K,L,w,r,dist_computed
0,2.372069443333334,0,8,200,50,8,1
0,3.3508800446666664,0,4,200,50,8,8
0,2.4453227866666665,0,8,200,50,8,1
0,3.8650211539999995,0,12,200,50,8,1
0,21.153354908333334,0,16,200,50,8,2
0,1.2264744633333369,0,8,10,50,8,1
0,1.2803304950000012,0,8,50,50,8,2
0,1.8297153109999964,0,8,100,50,8,1
0,2.2798898400000005,0,8,150,50,8,2
0,2.5734872836666653,0,8,200,50,8,2
0,4.253806815999998,0,8,400,50,8,1
0,66.97735251533334,0,8,200,50,2,2
0,2.3704259976666626,0,8,200,50,8,1
0,3.8853973226666767,0,8,200,50,16,7
0,12.610745175666674,0,8,200,50,32,11
